Bone 33
BoneHierarchy
-1 0 1 2 3 4 5 6 7 8 9 8 11 4 13 14 15 16 17 16 19 16 4 22 22 24 25 1 27 28 1 30 31 
BoneName
Bip001 Bip001 Pelvis Bip001 Spine Bip001 Spine1 Bip001 Neck Bip001 L Clavicle Bip001 L UpperArm Bip001 L Forearm Bip001 L Hand Bip001 L Finger0 Bip001 L Finger01 Bip001 L Finger1 Bip001 L Finger11 Bip001 R Clavicle Bip001 R UpperArm Bip001 R Forearm Bip001 R Hand Bip001 R Finger0 Bip001 R Finger01 Bip001 R Finger1 Bip001 R Finger11 dm_weapon Bip001 Head eye Bip001 Ponytail1 Bip001 Ponytail11 Bip001 Ponytail12 Bip001 L Thigh Bip001 L Calf Bip001 L Foot Bip001 R Thigh Bip001 R Calf Bip001 R Foot 
BoneOffset 
1.37091e-06 1 -6.12323e-17 0 -1 1.37091e-06 6.12323e-17 0 6.12323e-17 6.12323e-17 1 0 -2.86999 3.93449e-06 -33.4606 1 
1.3868e-06 2.75771e-06 1 0 6.12323e-17 -1 2.75771e-06 0 1 -3.82433e-12 -1.3868e-06 0 -33.4606 -2.86999 5.43177e-05 1 
1.09162e-09 -1.40269e-06 1 0 -0.000796318 -1 -1.40269e-06 0 1 -0.000796318 -2.20861e-09 0 -40.9231 -2.82525 -3.90163e-06 1 
1.09162e-09 -1.40269e-06 1 0 -0.000796318 -1 -1.40269e-06 0 1 -0.000796318 -2.20861e-09 0 -56.1865 -2.81423 -3.87107e-06 1 
3.45036e-07 -1.44682e-06 1 0 -0.251685 -0.967809 -1.31341e-06 0 0.967809 -0.251685 -6.98072e-07 0 -68.4908 14.8489 4.51195e-05 1 
0.869677 -1.39248e-06 0.493621 0 1.21382e-06 1 6.82405e-07 0 -0.493621 5.69658e-09 0.869677 0 27.2262 2.87 -61.679 1 
0.871591 -0.0142051 0.490028 0 0.0216625 0.99972 -0.00954991 0 -0.489755 0.0189388 0.871654 0 22.414 1.7948 -61.7958 1 
0.871614 -0.0127003 0.490028 0 0.0199365 0.999756 -0.00954991 0 -0.489787 0.0180933 0.871654 0 3.32504 1.80054 -61.7958 1 
0.922306 -0.386262 -0.0123928 0 0.0187023 0.0125812 0.999746 0 -0.386008 -0.922303 0.0188277 0 -20.1185 59.8768 1.75287 1 
0.820344 0.42824 0.379007 0 -0.463079 0.886317 0.000864688 0 -0.33555 -0.176219 0.925394 0 -24.9371 -6.0965 -58.0343 1 
0.867047 0.323392 0.379007 0 -0.349796 0.936825 0.000864714 0 -0.354783 -0.133325 0.925394 0 -28.1248 -2.63508 -58.0343 1 
0.922306 -0.386252 -0.0127004 0 0.0187023 0.0117851 0.999756 0 -0.386008 -0.922318 0.0180933 0 -26.9719 61.6218 1.78272 1 
0.733944 -0.679092 -0.0127004 0 0.0216095 0.00465758 0.999756 0 -0.678867 -0.734039 0.0180933 0 -7.07757 68.1824 1.78272 1 
-0.869677 -1.34933e-06 0.493621 0 -1.17067e-06 1 6.71011e-07 0 -0.493621 5.69658e-09 -0.869677 0 27.2262 2.87 61.679 1 
-0.871591 0.0142023 0.490028 0 0.0216601 0.99972 0.00955125 0 -0.489755 0.0189388 -0.871654 0 22.414 1.7948 61.7958 1 
-0.871614 0.0126976 0.490028 0 0.0199342 0.999756 0.00955125 0 -0.489787 0.0180933 -0.871654 0 3.32503 1.80054 61.7958 1 
-0.922306 0.386262 -0.01239 0 0.0186998 0.0125822 -0.999746 0 -0.386008 -0.922303 -0.0188277 0 -20.1185 59.8768 -1.75287 1 
-0.820343 -0.428242 0.379007 0 -0.463081 0.886316 -0.000863647 0 -0.33555 -0.176219 -0.925393 0 -24.9371 -6.0965 58.0343 1 
-0.867046 -0.323395 0.379007 0 -0.349799 0.936825 -0.000863662 0 -0.354783 -0.133325 -0.925393 0 -28.1248 -2.63509 58.0343 1 
-0.922306 0.386252 -0.0126976 0 0.0186998 0.0117861 -0.999756 0 -0.386008 -0.922318 -0.0180933 0 -26.9719 61.6218 -1.78272 1 
-0.733944 0.679092 -0.0126976 0 0.0216075 0.00465944 -0.999756 0 -0.678867 -0.734039 -0.0180933 0 -7.07758 68.1824 -1.78272 1 
0 0 0 0 0 0 0 0 0 0 0 0 0 0 0 0 
1.34309e-06 -1.40269e-06 1 0 6.12323e-17 -1 -1.40269e-06 0 1 1.884e-12 -1.34309e-06 0 -76.0498 0.934842 0.000102177 1 
2.83744e-08 2.14342e-07 1 0 -0.999603 0.0281579 2.23277e-08 0 -0.0281579 -0.999603 2.15056e-07 0 -19.5816 96.9664 -2.7054e-05 1 
-1.32617e-06 -3.12095e-06 1 0 0.96737 0.253369 2.07365e-06 0 -0.253369 0.96737 2.6831e-06 0 14.9819 -146.849 -0.000432445 1 
-9.49273e-07 -3.76267e-06 1 0 0.692442 0.721473 3.37199e-06 0 -0.721473 0.692442 1.92056e-06 0 79.6966 -123.381 -0.000367353 1 
-2.3384e-07 -4.12442e-06 1 0 0.170573 0.985345 4.10386e-06 0 -0.985345 0.170574 4.73103e-07 0 124.974 -64.5151 -0.000204084 1 
0.184553 0.012063 -0.982749 0 0.0712983 -0.997454 0.00114575 0 -0.980233 -0.0702797 -0.184943 0 31.5505 -0.606069 13.9306 1 
0.184528 0.0124345 -0.982749 0 0.0733062 -0.997309 0.00114572 0 -0.98009 -0.072253 -0.184943 0 12.1689 -0.581572 13.9306 1 
4.37114e-08 1.37091e-06 -1 0 -6.12323e-17 -1 -1.37091e-06 0 -1 5.99855e-14 -4.37114e-08 0 3.82601 -0.692597 13.4543 1 
-0.184553 -0.0120603 -0.982749 0 0.0712977 -0.997454 -0.00114845 0 -0.980233 -0.0702797 0.184943 0 31.5505 -0.606069 -13.9306 1 
-0.184528 -0.0124318 -0.982749 0 0.0733057 -0.997309 -0.00114841 0 -0.98009 -0.072253 0.184943 0 12.1689 -0.581572 -13.9306 1 
4.37114e-08 1.37091e-06 -1 0 -6.12323e-17 -1 -1.37091e-06 0 -1 5.99855e-14 -4.37114e-08 0 3.82602 -0.692597 -13.4543 1 
SubmeshOffset 
0 120 189 126 0 0 93 93 105 27 24 54 30 0 297 126 69 27 24 54 33 0 2361 60 78 99 0 0 99 33 198 90 33 
